dp[i][j] = k
    minimal fold times from i to j is k

L[i][len] = k
    In range[i, i + len], 
    the maximal steps we can move from left side is k.

R[j][len] = k
    In range[j - len, j],
    the maximal steps we can move from right side is k.


dp[i][j] = 1                                          (i = j)
           max                                        (i > j)
           1 + min(dp[ni][j], dp[i][nj])              (i < j)
            ni = i + L[i][len]
            nj = j - R[j][len]
            len = j - i


input array: 11222122222121(length 14)

Sequence	0	1	2	3	4	5	6	7	8	9	10	11	12	13
Input Array	1	1	2	2	2	1	2	2	2	2	2	1	2	1
Palindrome array	1	1	1	5	1	7	1	3	9	3	1	3	3	1

L table
    1  2  3  4  5  6  7  8  9  10 11 12 13 14 (currrent length of input array)
    0  1  2  3  4  5  6  7  8  9  10 11 12 13
0: [1, 1, 1, 1, 1, 1, 1, 1, 1, 1, 1, 1, 1, 1]
1: [1, 1, 1, 1, 3, 3, 3, 3, 3, 3, 3, 3, 3, 0]
2: [1, 1, 2, 2, 2, 2, 4, 4, 4, 4, 4, 4, 0, 0]
3: [1, 1, 1, 1, 3, 3, 3, 3, 3, 3, 3, 0, 0, 0]
4: [1, 1, 2, 2, 2, 2, 2, 2, 5, 5, 0, 0, 0, 0]
5: [1, 1, 1, 1, 1, 1, 4, 4, 4, 0, 0, 0, 0, 0]
6: [1, 1, 2, 2, 3, 3, 3, 3, 0, 0, 0, 0, 0, 0]
7: [1, 1, 2, 2, 2, 2, 2, 0, 0, 0, 0, 0, 0, 0]
8: [1, 1, 2, 2, 2, 2, 0, 0, 0, 0, 0, 0, 0, 0]
9: [1, 1, 1, 1, 1, 0, 0, 0, 0, 0, 0, 0, 0, 0]
10:[1, 1, 2, 2, 0, 0, 0, 0, 0, 0, 0, 0, 0, 0]
11:[1, 1, 2, 0, 0, 0, 0, 0, 0, 0, 0, 0, 0, 0]
12:[1, 1, 0, 0, 0, 0, 0, 0, 0, 0, 0, 0, 0, 0]
13:[1, 0, 0, 0, 0, 0, 0, 0, 0, 0, 0, 0, 0, 0]

R table
    1  2  3  4  5  6  7  8  9  10 11 12 13 14 (currrent length of input array)
    0  1  2  3  4  5  6  7  8  9  10 11 12 13
0: [1, 0, 0, 0, 0, 0, 0, 0, 0, 0, 0, 0, 0, 0]
1: [1, 1, 0, 0, 0, 0, 0, 0, 0, 0, 0, 0, 0, 0]
2: [1, 1, 1, 0, 0, 0, 0, 0, 0, 0, 0, 0, 0, 0]
3: [1, 1, 1, 1, 0, 0, 0, 0, 0, 0, 0, 0, 0, 0]
4: [1, 1, 2, 2, 2, 0, 0, 0, 0, 0, 0, 0, 0, 0]
5: [1, 1, 1, 1, 3, 3, 0, 0, 0, 0, 0, 0, 0, 0]
6: [1, 1, 2, 2, 2, 2, 2, 0, 0, 0, 0, 0, 0, 0]
7: [1, 1, 1, 1, 3, 3, 3, 3, 0, 0, 0, 0, 0, 0]
8: [1, 1, 2, 2, 2, 2, 4, 4, 4, 0, 0, 0, 0, 0]
9: [1, 1, 2, 2, 2, 2, 2, 2, 2, 2, 0, 0, 0, 0]
10:[1, 1, 2, 2, 3, 3, 3, 3, 3, 3, 3, 0, 0, 0]
11:[1, 1, 1, 1, 1, 1, 4, 4, 4, 4, 4, 4, 0, 0]
12:[1, 1, 2, 2, 2, 2, 2, 2, 5, 5, 5, 5, 5, 0]
13:[1, 1, 2, 2, 2, 2, 2, 2, 2, 2, 2, 2, 2, 2]


dp table
   0  1  2  3  4  5  6  7  8  9  10 11 12 13
0 [1, 2, 3, 4, 4, 4, 4, 5, 5, 6, 6, 6, 6, 7]
1 [m, 1, 2, 3, 3, 3, 3, 4, 4, 5, 5, 5, 5, 6]
2 [m, m, 1, 2, 2, 3, 3, 3, 3, 4, 4, 4, 4, 5]
3 [m, m, m, 1, 2, 3, 3, 3, 3, 4, 4, 4, 4, 5]
4 [m, m, m, m, 1, 2, 2, 3, 3, 4, 4, 4, 4, 5]
5 [m, m, m, m, m, 1, 2, 3, 3, 4, 4, 4, 4, 5]
6 [m, m, m, m, m, m, 1, 2, 2, 3, 3, 4, 4, 5]
7 [m, m, m, m, m, m, m, 1, 2, 2, 3, 4, 4, 5]
8 [m, m, m, m, m, m, m, m, 1, 2, 2, 3, 3, 4]
9 [m, m, m, m, m, m, m, m, m, 1, 2, 3, 3, 4]
10[m, m, m, m, m, m, m, m, m, m, 1, 2, 2, 3]
11[m, m, m, m, m, m, m, m, m, m, m, 1, 2, 2]
12[m, m, m, m, m, m, m, m, m, m, m, m, 1, 2]
13[m, m, m, m, m, m, m, m, m, m, m, m, m, 1]
